0
0
0
0.92696
1.4803
1.5575
1.6293
1.7169
1.829
1.941
2.089
2.1895
2.2772
2.3254
2.3459
2.4542
2.5329
2.5952
2.6342
2.6719
2.6974
2.7598
2.8218
2.8575
2.9079
2.9648
2.9878
3.0182
3.1095
3.2028
3.2415
3.2492
3.303
3.3388
3.3679
3.3958
3.4166
3.4549
3.5094
3.5684
3.6191
3.6386
3.6779
3.7254
3.7384
3.7627
3.8204
3.8837
3.891
3.9352
3.9509
3.9764
4.0383
4.0586
4.079
4.1114
4.1596
4.169
4.2202
4.2385
4.2654
4.297
4.3206
4.3773
4.3948
4.4361
4.456
4.5366
4.5379
4.5951
4.6333
4.6647
4.6919
4.7041
4.729
4.7994
4.8521
4.8622
4.8757
4.8955
4.9319
4.9606
4.9699
5.0196
5.0369
5.055
5.0827
5.0951
5.1298
5.1669
5.1978
5.2161
5.2487
5.2568
5.3088
5.3272
5.3485
5.4036
5.4409
5.4594
5.4709
5.503
5.5106
5.5403
5.562
5.5848
5.6264
5.6316
5.649
5.6928
5.7076
5.738
5.7641
5.7716
5.8102
5.8563
5.8749
5.8865
5.8928
5.9274
5.9518
5.9801
6.0109
6.0306
6.0507
6.0643
6.0861
6.143
6.159
6.1755
6.1837
6.2235
6.2433
6.2696
6.3011
6.304
6.326
6.3438
6.3932
6.4165
6.4453
6.4535
6.4702
6.484
6.525
6.5368
6.5779
6.5944
6.6074
6.6095
6.646
6.6726
6.6915
6.7204
6.7346
6.7465
6.7473
6.7807
6.8169
6.8466
6.8546
6.8746
6.9025
6.9318
6.9446
6.9695
6.9806
7.0171
7.0446
7.056
7.0737
7.1081
7.1302
7.1448
7.1482
7.1574
7.1896
7.2241
7.2453
7.256
7.2755
7.2862
7.3165
7.3352
7.3743
7.4128
7.4213
7.4774
7.4803
7.4849
7.5025
7.5084
7.5414
7.5527
7.5745
7.5918
7.6034
7.6216
7.668
7.681
7.7035
7.7177
7.7404
7.765
7.7721
7.8061
7.8308
7.8513
7.8806
7.8939
7.9227
7.9448
7.96
7.9771
7.9914
8.0152
8.0322
8.047
8.0501
8.0735
8.1011
8.1244
8.1495
8.1599
8.1726
8.2196
8.2458
8.2565
8.2602
8.282
8.3028
8.3333
8.3378
8.3548
8.3838
8.3924
8.4395
8.4651
8.4853
8.4968
8.5328
8.5406
8.5542
8.5691
8.6166
8.6414
8.6624
8.6845
8.6909
8.711
8.7184
8.7434
8.7689
8.7951
8.8184
8.8201
8.846
8.8666
8.8742
8.8936
8.9214
8.9384
8.9557
8.9766
9.0054
9.022
9.0409
9.0708
9.0987
9.1034
9.127
9.1321
9.1609
9.1748
9.1944
9.2094
9.2584
9.2695
9.2787
9.306
9.32
9.3555
9.3798
9.4202
9.4235
9.433
9.4379
9.4541
9.4966
9.5136
9.5346
9.5534
9.5832
9.5947
9.6092
9.6477
9.6546
9.665
9.6888
9.69
9.7205
9.7277
9.7627
9.7894
9.804
9.8285
9.8475
9.8701
9.8788
9.9145
9.9215
9.9468
9.9574
9.9817
10.003
10.013
10.028
10.045
10.056
10.067
10.097
10.13
10.135
10.145
10.19
10.201
10.229
10.234
10.247
10.275
10.282
10.318
10.324
10.353
10.376
10.395
10.408
10.421
10.45
10.457
10.485
10.497
10.538
10.555
10.56
10.583
10.596
10.61
10.631
10.651
10.687
10.715
10.737
10.76
10.78
10.807
10.839
10.858
10.875
10.898
10.91
10.931
10.966
10.971
10.995
11
11.021
11.042
11.054
11.066
11.103
11.106
11.126
11.167
11.168
11.201
11.206
11.221
11.257
11.276
11.324
11.358
11.38
11.387
11.399
11.433
11.44
11.463
11.472
11.492
11.508
11.525
11.55
11.551
11.595
11.612
11.645
11.657
11.666
11.728
11.748
11.763
11.771
11.787
11.794
11.815
11.838
11.862
11.887
11.925
11.929
11.942
11.969
11.978
11.994
12.011
12.052
12.061
12.087
12.103
12.112
12.136
12.163
12.191
12.203
12.231
12.245
12.259
12.26
12.289
12.3
12.307
12.329
12.368
12.383
12.406
12.42
12.464
12.495
12.511
12.537
12.551
12.569
12.588
12.63
12.637
12.664
12.678
12.697
12.729
12.767
12.777
12.801
12.813
12.828
12.844
12.856
12.914
12.94
12.948
12.971
12.982
12.99
13.027
13.031
13.056
13.099
13.108
13.125
13.153
13.178
13.194
13.208
13.233
13.257
13.295
13.307
13.318
13.334
13.349
13.397
13.4
13.418
13.443
13.468
13.505
13.508
13.528
13.552
13.576
13.624
13.629
13.648
13.661
13.698
13.708
13.728
13.746
13.803
13.805
13.829
13.839
13.851
13.902
13.94
13.963
13.978
13.989
14.014
14.037
14.041
14.085
14.092
14.122
14.143
14.176
14.184
14.189
14.222
14.249
14.274
14.289
14.309
14.345
14.351
14.378
14.391
14.422
14.432
14.478
14.503
14.52
14.552
14.555
14.574
14.599
14.613
14.658
14.689
14.697
14.707
14.739
14.764
14.813
14.83
14.841
14.859
14.888
14.92
14.935
14.972
14.981
15.003
15.029
15.039
15.069
15.085
15.114
15.128
15.135
15.173
15.205
15.226
15.26
15.273
15.302
15.317
15.364
15.407
15.409
15.423
15.46
15.507
15.526
15.542
15.563
15.585
15.619
15.626
15.631
15.69
15.7
15.741
15.745
15.768
15.818
15.82
15.867
15.886
15.895
15.907
15.909
15.935
15.97
15.993
16.039
16.051
16.062
16.094
16.111
16.13
16.156
16.194
16.224
16.245
16.3
16.334
16.353
16.388
16.415
16.456
16.471
16.49
16.514
16.541
16.558
16.566
16.575
16.606
16.63
16.663
16.694
16.747
16.755
16.788
16.83
16.859
16.86
16.884
16.895
16.947
16.978
16.999
17.009
17.027
17.046
17.116
17.119
17.142
17.16
17.189
17.214
17.253
17.269
17.276
17.324
17.337
17.352
17.382
17.418
17.449
17.471
17.486
17.494
17.529
17.549
17.571
17.607
17.624
17.652
17.706
17.717
17.741
17.753
17.801
17.85
17.861
17.895
17.93
17.944
17.985
18.012
18.041
18.061
18.094
18.115
18.139
18.162
18.204
18.228
18.254
18.27
18.297
18.328
18.343
18.374
18.401
18.406
18.454
18.462
18.509
18.57
18.59
18.628
18.67
18.695
18.721
18.755
18.808
18.851
18.891
18.932
18.95
18.972
19.002
19.046
19.068
19.111
19.128
19.195
19.238
19.269
19.334
19.354
19.378
19.399
19.445
19.497
19.531
19.645
19.674
19.69
19.754
19.774
19.824
19.857
19.928
19.936
19.989
20.011
20.038
20.09
20.13
20.154
20.231
20.292
20.353
20.46
20.494
20.542
20.626
20.777
20.796
20.941
20.952
21.031
21.069
21.13
21.165
21.208
21.305
21.488
21.527
21.752
21.79
21.86
21.935
21.952
22.104
22.167
22.271
22.349
22.409
22.68
23.185
23.532
23.647
24.648
